38
-14169 -99984
86658 -99980
95022 -99943
99436 -99809
99752 -98413
99983 -96061
99997 -36396
99998 -21709
100000 57664
99998 77867
99994 88904
99936 93753
99861 99035
99804 99685
96200 99971
95941 99979
88000 99994
56709 100000
-27921 99994
-94464 99978
-98610 99947
-99650 98958
-99803 98758
-99892 97934
-99975 94345
-99987 74669
-99993 6116
-99995 -16858
-99993 -57007
-99987 -86179
-99954 -89631
-99880 -94684
-99829 -96337
-99360 -99332
-98694 -99702
-91677 -99939
-79522 -99970
-24523 -99982
