1000
428 810
800 938
752 743
235 850
-435 -733
200 776
134 -341
854 279
211 585
-557 -737
184 -796
-226 63
835 -60
17 -275
337 -84
-961 -626
651 -520
670 -318
-764 -219
-283 782
154 814
-774 -131
-767 741
-467 -919
-258 754
-64 -294
-488 738
-836 -197
172 599
240 679
80 -838
992 -175
-248 60
-375 -251
22 -791
808 -880
-877 -467
-296 -691
-623 -904
527 568
51 226
-395 -779
-942 -677
-756 420
-675 112
383 471
-549 -555
-799 -115
-884 -966
475 172
-332 153
781 -512
25 992
292 -296
-400 -566
-914 -143
-826 725
-617 739
81 -596
12 14
602 -133
-450 171
-9 -872
-926 -398
536 944
-211 664
950 -619
-280 471
-206 -409
432 -291
437 -148
344 816
301 -604
18 751
271 670
-162 -799
899 243
836 263
250 -382
802 846
305 481
99 -837
130 -62
393 -211
-687 822
-741 362
562 340
86 -696
513 781
294 874
391 -505
-258 20
713 49
-332 -372
255 505
959 591
-298 532
674 -324
-101 511
-538 129
-577 907
-194 -616
-325 736
-389 575
-464 -628
236 278
-266 776
144 191
116 793
-713 -244
-624 -18
362 797
-919 -687
-256 125
419 -158
-435 887
-439 -730
-236 627
-755 959
-96 757
-941 479
-242 -248
259 -149
-64 -678
-200 28
84 458
825 278
431 396
-378 591
-24 -800
25 445
-68 -586
110 -913
90 450
-734 950
813 -953
-844 -798
670 -907
433 908
674 -612
-656 -472
665 401
-394 277
444 739
741 695
-405 504
-387 307
-277 607
-790 -182
77 596
-920 482
-986 919
927 -904
-775 700
-814 10
39 -790
-176 -176
-327 939
127 -966
-303 312
-170 -863
60 -501
-95 515
315 675
-463 474
-154 -712
230 -297
318 418
827 -414
520 196
552 -926
-152 386
858 867
-969 936
87 -211
668 -584
-619 764
-669 955
336 286
-252 -422
-590 -90
618 -784
-13 -589
-297 404
741 66
558 148
119 936
-842 -162
-54 896
801 -868
856 -42
-889 633
963 -435
-954 -150
-241 -536
-519 -35
-604 272
-421 -543
910 -831
-76 313
765 -999
-721 -269
180 -821
-803 -919
-488 959
-892 -562
475 1000
-213 154
537 450
639 15
-686 -32
-56 4
-47 658
243 991
375 301
994 -189
-9 -24
-930 -823
-25 836
-65 -830
-34 -986
-267 836
792 483
-877 -342
761 719
645 474
801 575
370 356
249 -850
684 -394
-625 -596
552 -419
872 742
849 963
517 -195
-13 -175
261 -962
-153 557
513 -991
936 563
20 -170
-27 832
-7 -530
498 -234
91 5
-135 480
270 612
798 187
-377 -289
-567 834
934 -309
456 958
906 -326
-141 -271
-919 956
192 -491
-189 630
-14 899
-604 201
-187 -407
-216 784
190 -162
-938 684
-562 626
189 -378
821 787
-267 -211
462 -891
571 -808
-615 -743
-491 -730
990 149
-256 -302
-776 -664
-229 276
601 441
128 -419
-24 -384
816 -317
-797 -988
59 -780
-554 219
-968 -49
-703 -509
-134 -764
889 -469
-946 541
-988 898
-845 679
-423 824
-153 600
744 791
313 482
-849 881
-546 -990
-162 290
-558 -804
-468 -150
-135 -559
-453 972
940 398
120 786
451 373
-356 307
232 153
-747 937
-942 -78
-673 181
-735 -742
952 -735
465 -731
277 798
810 80
-945 -158
226 262
287 -765
857 587
-681 821
-257 -712
-926 -645
-816 -670
-90 932
199 -675
374 559
-943 -249
715 265
132 963
205 -457
92 -473
-30 -294
137 -822
164 205
-989 496
-410 990
411 -146
-445 -456
62 640
-493 -694
-475 934
530 939
602 96
942 -812
-424 534
-904 -659
111 988
-226 -295
250 208
-211 -739
-274 314
44 -861
-51 -607
-372 474
-321 -405
499 -65
445 -317
337 -991
647 -114
170 -409
-370 -147
-553 766
-515 255
646 -131
-900 908
-685 538
578 198
-719 -128
-346 -307
809 -533
-261 -910
473 -877
850 -63
-593 -775
944 389
204 -262
-509 -447
1 741
-902 -423
-492 -749
961 -199
-751 -729
-799 152
-958 43
-158 972
970 -918
-508 928
723 975
637 485
-892 632
-861 615
-72 -103
-785 -104
-813 921
-380 544
-312 900
127 -728
-888 -422
196 -907
-189 572
-996 333
-336 612
435 656
-74 482
811 -885
-129 586
456 70
125 858
-162 -517
343 -734
398 -890
-284 -475
603 574
447 -485
-318 -52
170 185
-971 169
594 725
-355 -941
-116 647
389 -551
825 -654
931 -912
659 805
262 698
265 596
530 66
551 895
-355 648
613 783
62 -542
-182 171
-989 388
621 779
-98 -882
542 -105
-512 269
-442 -624
208 -582
-494 541
-907 737
567 -680
-426 -159
597 -264
-759 880
756 -145
-513 -646
-2 -618
-414 487
-496 249
-802 -940
518 61
-509 233
600 -240
436 59
-658 -31
-745 600
-149 341
274 -621
199 -39
537 -350
-697 -795
-623 735
-779 881
-617 -170
-918 -982
735 585
-928 402
-364 -202
825 867
-163 472
-944 684
438 -906
-632 628
208 -496
35 -342
-220 408
529 -142
354 239
-668 -641
-762 -521
701 731
-205 393
-547 -819
620 -45
82 466
137 -972
-49 -551
-720 482
555 324
-977 -756
443 -745
358 66
898 -601
-100 982
-314 298
679 -714
-808 152
-738 769
-893 445
-495 -293
200 -257
-883 -43
-957 739
-533 631
385 931
612 963
-913 -173
9 -551
651 -865
932 -540
-343 36
-290 -746
-610 -581
276 -275
505 852
726 -850
318 -780
-208 950
-407 -109
170 154
163 -1000
-63 3
-192 973
-151 -337
-402 811
495 -126
-603 793
-664 539
-694 -656
916 814
-253 -160
425 -39
-823 697
-97 925
238 29
763 982
-521 -406
-119 465
-166 74
888 495
-989 -24
-303 40
100 -146
120 -422
552 -199
-909 -799
-310 556
272 -931
-469 -519
559 967
184 93
-348 547
-752 433
14 221
-693 608
-418 -551
731 916
825 -502
-793 -961
898 469
482 -934
-793 -612
-509 -631
-420 -452
-434 441
-813 831
-17 -3
502 -351
297 191
163 -589
107 -608
561 -340
319 507
715 269
90 725
381 -871
593 661
-927 -653
847 -294
-873 750
-789 965
-284 -452
-694 -954
982 829
-509 -144
-683 -27
-953 477
-546 30
684 204
-26 850
198 -723
266 -414
756 -278
-621 -554
-556 -313
-391 962
-421 -319
102 986
933 -144
769 -281
104 -702
-428 286
765 969
497 144
14 -932
-954 -343
885 -540
583 -486
967 128
-777 57
737 286
247 -805
-76 -932
285 -452
-595 -390
147 336
-516 -738
459 740
-938 564
-109 466
-284 -291
-304 127
-645 268
278 443
396 -784
-187 -977
-341 992
-457 293
-939 188
707 -416
-694 338
-494 665
-208 58
8 -927
-888 557
-607 -515
577 -892
610 -563
-523 -521
-206 368
-353 -234
-338 802
-313 -229
909 625
207 559
-535 273
-972 -629
475 -183
-389 354
151 -79
-841 -926
-508 -724
-353 -614
687 18
-507 865
-453 984
-868 -10
906 -902
-958 614
-791 422
-57 523
-710 230
-948 263
884 574
-633 795
-550 910
-22 -795
-582 21
-732 -481
-668 -584
976 -131
637 37
-288 999
176 423
-116 -378
-307 949
519 931
-772 -182
38 634
840 -114
-781 -483
159 281
648 -303
-538 -82
639 583
364 -967
590 -94
686 -541
417 -933
-740 173
995 680
-17 -952
-801 733
-290 877
-730 466
-503 -361
-61 926
790 -573
-262 306
-199 -535
-165 596
-196 -18
849 -598
135 -303
908 422
135 403
-174 937
377 839
-46 -35
62 372
463 902
-230 -34
781 315
-795 -866
-300 355
-593 931
240 -792
666 805
859 413
-95 500
66 -522
-316 -611
919 64
-538 -269
-406 -84
417 811
493 489
656 149
194 318
-377 -707
-213 336
393 -679
950 -787
499 -469
-789 628
813 360
-243 119
-993 881
-356 -697
430 567
721 -169
910 565
-943 -236
367 931
-698 923
-555 -405
-866 -659
520 883
-277 -299
250 606
800 -742
183 570
-979 955
310 -998
-342 -564
-249 -630
151 297
522 358
360 945
380 9
-599 233
386 -369
-380 -727
-992 -678
779 379
358 431
-657 998
808 104
635 -947
-252 967
932 -99
-904 316
-239 -550
581 55
355 634
-276 534
810 -727
101 568
-853 206
-790 228
509 -940
-416 -6
894 927
-795 394
410 -62
-697 379
40 -84
-376 -986
707 -24
-319 -851
69 -350
-441 -378
214 -998
290 248
-501 279
-268 -259
-902 -245
-812 -434
-714 -810
245 -694
-10 665
115 690
-464 -393
292 678
21 680
-635 603
-513 -42
549 -173
488 -336
623 -161
498 -551
936 255
-834 916
-772 246
280 499
323 477
407 -75
269 -820
230 798
447 79
-261 598
-89 -679
-277 917
826 -252
978 -660
915 -845
608 366
-825 618
-707 368
762 446
66 458
-567 390
-186 -586
432 151
-312 -695
787 -791
-793 544
-929 427
307 -259
-711 -820
-415 399
-114 195
-400 -935
-884 -9
925 694
901 493
-383 679
-52 871
959 87
-710 -220
269 -350
-601 970
182 -816
-597 -185
-418 -864
-920 -818
951 441
-262 -709
212 701
-200 634
155 992
251 879
509 -685
-722 -906
-780 737
597 -414
332 -157
-4 -524
-588 -422
915 -367
443 -174
-313 -750
-52 -108
146 -582
-68 -588
38 252
899 -715
962 -985
-99 -375
-671 770
150 -975
-539 813
-5 -285
912 535
-528 580
-37 -434
-367 -15
-96 -761
528 -470
604 133
-295 46
-584 395
758 -433
718 -452
-655 656
122 -20
-81 727
-254 -704
863 96
-443 47
131 899
-680 -84
649 855
122 -589
50 -661
-539 -838
571 402
-432 -248
290 -336
-268 -946
-587 796
237 618
814 -946
585 992
-921 -884
288 -854
-462 -444
462 -127
576 -334
687 -182
-364 803
227 -312
202 615
-544 -756
104 521
-266 657
-476 853
454 346
568 -277
707 460
-71 221
-45 -43
415 217
-473 310
-184 -134
181 294
232 548
238 723
-979 638
22 580
-150 528
-33 636
48 -940
-275 -921
588 -865
-843 292
-868 -919
977 236
696 716
-632 56
-194 462
-374 -831
-786 785
-416 -696
739 47
-793 -243
629 85
496 -473
711 547
668 -84
959 -936
-414 521
-850 467
-626 962
-641 120
-106 -650
300 778
811 -617
517 890
876 -165
-989 977
457 -534
293 425
-138 261
-222 810
-258 -354
353 387
-869 137
358 -675
792 -697
-942 -271
-64 -729
560 211
831 995
-292 459
458 186
454 459
-16 -297
-956 -932
-571 619
273 805
-889 201
-59 917
6 -118
-118 -765
385 -709
-622 -935
643 -489
366 -73
268 831
851 132
