100
-54 -65
24 -95
-97 -83
-17 -4
-75 39
12 44
11 79
70 -4
35 -65
49 -100
-9 -86
-64 -33
50 11
-77 24
-61 -49
-29 -45
-5 -34
-66 -69
-27 -52
15 76
84 -81
-64 93
-13 14
90 -60
4 74
68 9
-90 23
56 -62
-71 22
56 11
30 94
-4 -16
83 -18
-94 3
66 15
-13 90
-86 -18
-45 56
46 -41
-36 97
97 53
-87 -27
38 19
26 -12
-5 -15
-69 53
-36 -79
-64 -74
61 71
76 -56
-19 -89
-87 10
64 38
-36 1
99 70
23 -75
-61 -94
-84 62
-39 -42
72 20
77 17
49 -55
-45 -36
-72 -11
3 -32
58 47
4 -47
53 29
-32 69
-98 -30
93 -14
-50 -89
23 -9
35 -37
74 -37
98 33
-67 36
-86 84
-6 45
-18 86
-94 -74
-80 16
-86 -77
88 15
13 -54
-23 -25
87 2
-53 42
-74 79
-2 -55
-86 31
84 -68
0 -30
-18 -18
75 56
35 -49
-90 71
16 -64
-20 -24
95 -24
